1
20
1 0 0 1
0 10 10 10 10 10 10 10 10 10 10 10 10 10 10 10 10 10 10 10 10 
10 0 10 10 10 10 10 10 10 10 10 10 10 10 10 10 10 10 10 10 10 
10 10 0 10 10 10 10 10 10 10 10 10 10 10 10 10 10 10 10 10 10 
10 10 10 0 10 10 10 10 10 10 10 10 10 10 10 10 10 10 10 10 10 
10 10 10 10 0 10 10 10 10 10 10 10 10 10 10 10 10 10 10 10 10 
10 10 10 10 10 0 10 10 10 10 10 10 10 10 10 10 10 10 10 10 10 
10 10 10 10 10 10 0 10 10 10 10 10 10 10 10 10 10 10 10 10 10 
10 10 10 10 10 10 10 0 10 10 10 10 10 10 10 10 10 10 10 10 10 
10 10 10 10 10 10 10 10 0 10 10 10 10 10 10 10 10 10 10 10 10 
10 10 10 10 10 10 10 10 10 0 10 10 10 10 10 10 10 10 10 10 10 
10 10 10 10 10 10 10 10 10 10 0 10 10 10 10 10 10 10 10 10 10 
10 10 10 10 10 10 10 10 10 10 10 0 10 10 10 10 10 10 10 10 10 
10 10 10 10 10 10 10 10 10 10 10 10 0 10 10 10 10 10 10 10 10 
10 10 10 10 10 10 10 10 10 10 10 10 10 0 10 10 10 10 10 10 10 
10 10 10 10 10 10 10 10 10 10 10 10 10 10 0 10 10 10 10 10 10 
10 10 10 10 10 10 10 10 10 10 10 10 10 10 10 0 10 10 10 10 10 
10 10 10 10 10 10 10 10 10 10 10 10 10 10 10 10 0 10 10 10 10 
10 10 10 10 10 10 10 10 10 10 10 10 10 10 10 10 10 0 10 10 10 
10 10 10 10 10 10 10 10 10 10 10 10 10 10 10 10 10 10 0 10 10 
10 10 10 10 10 10 10 10 10 10 10 10 10 10 10 10 10 10 10 0 10 
